100,100
death_edge
B1235/S1345
0,1,1,1,1,1,0,0,0,1,0,0,1,1,1,1,0,1,1,1,1,0,0,0,0,0,1,1,0,1,1,0,1,1,0,1,1,1,0,0,1,1,0,1,1,1,1,0,1,0,1,1,0,1,0,0,1,0,0,0,1,0,0,0,0,1,0,1,1,1,1,0,1,1,0,0,1,1,0,1,1,0,1,1,1,0,0,1,1,1,0,1,0,1,1,0,1,0,1,0
0,0,0,0,0,0,1,0,0,0,1,1,1,0,0,0,1,1,1,0,1,0,0,0,1,0,1,0,0,1,1,1,1,0,0,1,0,0,0,0,1,1,1,1,1,0,0,0,0,1,0,0,1,1,0,1,0,0,1,0,1,1,0,0,0,1,1,0,1,1,0,1,0,0,0,1,0,0,0,1,0,1,1,0,1,0,1,1,0,1,0,0,1,1,1,1,1,0,0,0
1,1,0,1,1,0,1,1,0,1,1,1,1,1,1,0,1,1,1,0,1,0,0,0,1,0,0,1,1,1,1,1,1,1,0,1,0,0,0,1,0,0,0,1,0,1,1,0,0,1,1,0,1,0,0,0,0,1,0,0,0,1,1,1,1,0,1,0,1,0,0,1,1,0,0,1,1,1,1,0,0,1,0,0,0,0,0,0,0,1,0,0,0,0,0,0,1,0,0,1
0,0,1,0,0,0,1,1,0,0,0,0,0,1,0,0,1,0,0,0,0,0,0,0,1,0,0,1,0,1,0,1,0,1,1,1,0,1,1,1,0,1,0,0,0,0,1,1,1,1,1,1,0,1,1,1,1,0,0,0,0,1,1,0,1,0,0,0,1,1,1,1,0,1,0,1,0,0,0,1,1,0,0,1,0,0,0,0,0,1,1,1,0,0,0,0,0,1,1,1
1,0,0,1,1,0,0,0,0,0,0,0,0,0,1,0,1,1,1,0,0,0,0,1,0,1,0,1,0,0,1,1,1,1,1,0,0,0,1,1,0,1,0,0,0,0,1,0,0,1,0,1,0,0,0,1,1,0,0,1,1,1,0,0,0,0,1,1,1,1,0,1,0,0,1,1,1,1,0,1,0,0,1,0,1,1,1,0,1,1,1,0,1,1,0,0,0,1,1,1
1,1,0,1,1,0,0,0,0,0,0,0,1,1,0,0,1,0,1,1,1,0,0,1,1,1,0,0,1,1,0,1,0,0,0,0,0,0,0,1,1,1,1,0,0,0,0,0,0,0,0,1,1,1,1,1,0,1,0,1,0,1,1,0,0,1,1,0,0,1,0,1,0,1,1,1,0,1,0,1,0,1,1,1,0,1,1,1,0,0,1,0,0,0,0,0,1,0,1,1
1,0,0,1,1,1,0,0,1,0,1,1,1,0,0,1,0,0,1,0,1,1,1,0,0,0,0,0,1,0,1,0,0,0,0,0,1,0,0,1,1,1,1,0,1,0,1,1,0,1,1,1,1,0,0,0,0,0,1,0,0,1,1,1,1,0,0,0,0,0,0,0,1,0,1,1,0,0,0,0,0,0,1,1,1,1,0,1,0,1,0,1,0,0,0,0,0,0,1,0
1,1,0,1,0,1,0,1,1,1,0,0,1,1,0,1,1,1,0,1,0,1,1,1,1,1,0,1,1,0,0,1,1,1,0,0,0,1,1,1,1,1,1,0,0,0,0,1,0,0,1,1,0,0,0,0,1,0,1,0,0,0,0,0,1,0,1,0,1,0,1,1,1,0,0,0,1,1,1,1,0,0,0,1,0,0,0,0,1,1,1,0,1,1,1,1,0,1,0,1
1,1,1,0,1,0,1,0,1,1,1,1,0,0,1,1,0,1,0,0,1,0,0,0,1,1,0,0,0,1,1,1,0,1,1,1,1,0,0,0,0,0,0,0,0,1,0,1,1,1,0,0,0,0,1,0,1,0,0,0,0,0,1,1,0,1,1,1,1,1,1,1,1,1,1,1,0,1,1,0,1,0,0,0,1,0,1,1,0,1,0,0,1,1,1,0,1,1,1,0
1,0,1,0,0,0,0,1,1,1,0,1,1,1,0,0,1,1,0,1,1,0,0,1,0,0,1,1,0,1,1,0,0,1,0,1,1,0,1,0,0,0,0,0,1,1,1,0,1,1,1,0,0,1,0,0,1,1,1,1,0,1,0,0,0,1,1,0,1,0,0,1,0,0,0,1,0,0,0,0,0,1,1,1,0,0,0,1,0,1,1,1,0,1,1,1,0,1,0,1
1,0,0,1,0,0,1,1,1,0,0,1,0,1,1,1,0,1,0,1,0,1,0,1,0,0,1,1,1,0,0,1,0,0,1,1,1,0,1,1,0,1,1,0,1,0,1,1,0,1,1,1,0,0,0,1,0,0,1,1,0,0,1,0,0,0,1,1,1,0,1,0,1,1,0,1,0,1,0,1,0,1,1,1,1,0,1,0,0,1,1,0,0,1,0,0,0,1,0,0
0,1,0,1,0,0,1,1,0,1,1,1,0,1,0,1,0,0,1,1,0,0,1,1,1,0,1,0,0,0,0,1,1,1,0,0,1,0,1,0,0,1,1,0,0,0,1,0,0,0,1,1,0,0,0,0,0,1,0,0,1,1,0,1,0,0,0,0,1,0,0,1,1,0,0,0,1,1,1,0,1,1,1,1,1,0,1,0,0,0,0,0,0,0,0,1,1,1,1,1
0,1,1,1,0,1,0,1,0,1,0,0,1,1,0,1,0,0,1,1,0,0,1,1,1,1,1,1,1,0,0,1,0,1,0,0,0,1,0,0,0,0,1,1,0,1,0,0,1,0,0,0,0,1,1,0,1,1,0,1,0,1,0,1,1,0,1,0,0,1,1,1,1,1,1,1,1,1,1,0,0,1,0,0,1,1,0,0,0,0,0,0,1,0,0,1,1,0,1,0
0,0,0,1,0,0,0,0,1,1,0,1,1,0,1,0,0,1,1,0,0,0,1,0,1,1,0,0,1,1,0,0,1,1,1,1,0,1,0,1,1,1,1,0,0,1,0,0,1,1,1,0,0,1,1,1,1,1,0,1,0,0,0,0,1,0,0,1,0,0,1,0,0,0,0,0,1,1,1,0,0,0,0,1,1,1,1,0,1,0,1,0,0,1,1,1,1,0,1,1
0,1,0,1,0,0,0,1,1,1,0,1,0,0,0,0,0,0,1,0,1,0,0,0,1,1,0,0,1,1,1,1,1,0,0,0,0,1,1,1,1,1,1,1,1,1,1,0,1,0,1,1,0,1,0,0,1,1,0,1,1,1,1,1,0,1,1,1,0,0,0,0,1,1,0,0,1,1,0,0,0,1,0,0,0,0,0,0,1,0,0,0,0,0,0,0,0,1,0,0
0,0,0,0,0,0,1,0,0,1,1,1,1,1,0,0,0,1,0,1,1,0,0,1,1,0,0,1,0,0,0,0,1,0,0,0,1,0,0,1,1,1,0,0,1,0,1,0,0,1,1,1,1,0,1,1,0,1,1,0,0,1,0,0,1,1,1,0,0,1,1,0,0,0,0,0,0,0,0,1,0,0,1,1,1,0,0,1,0,1,0,1,0,1,1,0,1,0,1,1
1,1,1,0,0,1,0,0,0,0,1,0,0,1,0,0,1,0,0,0,1,0,0,1,1,1,1,1,0,1,1,0,1,1,1,1,0,1,1,0,1,0,0,1,0,0,1,0,1,1,0,0,1,0,0,1,1,1,1,1,0,0,0,0,0,1,1,1,1,1,1,0,0,0,1,0,0,1,0,1,1,1,0,1,1,0,1,0,0,0,0,1,1,0,1,0,1,0,1,1
0,1,1,1,0,0,1,0,0,1,0,0,0,1,1,1,0,1,1,1,1,0,1,1,0,1,0,1,0,0,0,1,0,0,0,0,0,1,1,1,1,1,1,0,0,1,1,0,1,0,0,0,1,1,0,1,1,1,1,1,1,1,1,0,1,0,1,1,0,0,0,1,1,1,0,0,1,1,0,1,0,0,0,0,1,0,1,1,1,1,1,0,0,1,1,0,1,0,0,0
1,0,1,1,1,1,1,0,1,1,1,0,0,0,1,0,1,1,0,1,0,0,0,0,1,1,0,0,0,0,1,1,1,0,0,1,0,1,1,0,1,1,1,0,0,1,1,1,0,1,0,1,0,1,0,1,0,1,0,1,0,1,1,1,0,1,0,0,0,0,0,0,1,1,0,0,1,1,1,0,1,0,0,1,0,0,0,1,0,0,0,1,0,1,0,0,0,1,0,1
1,1,0,0,0,1,0,1,1,1,1,0,0,1,1,0,0,0,0,0,0,0,1,0,0,0,0,1,1,1,0,1,1,0,1,0,1,0,1,0,0,1,0,1,1,1,0,1,1,1,0,1,1,0,0,1,1,0,0,1,0,0,1,1,1,1,0,1,0,0,1,0,0,0,0,1,1,0,1,1,1,0,0,0,1,0,1,0,1,0,0,0,0,1,0,0,0,1,0,1
1,0,0,1,1,1,0,1,0,1,0,0,1,0,1,0,1,1,1,1,0,0,1,1,1,1,0,0,0,1,0,1,0,0,1,0,0,0,1,1,1,1,0,0,1,0,0,0,1,0,1,0,0,0,0,1,0,0,1,0,0,1,1,1,0,0,0,0,1,1,1,1,0,1,0,1,1,0,1,1,0,0,1,0,1,1,0,1,0,1,1,0,0,0,0,0,1,1,0,1
1,1,1,0,0,1,1,0,0,1,1,0,0,1,1,1,1,0,1,0,1,0,1,0,1,0,1,1,0,0,1,0,0,0,0,1,0,0,1,0,1,1,1,0,1,1,0,1,1,0,1,0,1,0,1,1,1,1,1,1,0,1,0,1,1,0,0,1,1,1,1,0,1,0,0,0,1,0,0,0,0,0,0,0,0,0,1,0,1,1,1,0,1,1,1,1,1,1,1,1
0,0,0,0,0,0,0,1,1,1,0,1,0,1,0,1,0,1,0,0,1,1,1,0,0,0,0,1,0,1,0,1,0,0,1,1,1,1,1,0,1,1,1,1,1,1,0,1,1,0,1,0,0,0,0,0,1,0,0,0,1,1,1,0,0,0,1,1,0,1,1,0,1,0,0,0,1,0,1,0,0,1,1,0,0,0,1,1,1,0,1,0,1,0,0,1,1,1,0,1
1,0,0,1,0,0,1,0,1,1,0,0,1,0,0,1,1,1,1,1,1,1,0,0,1,1,1,0,0,1,0,0,0,0,1,0,1,0,1,0,0,0,0,0,1,0,1,1,0,1,0,0,1,0,1,0,0,1,0,1,1,0,0,0,0,0,0,0,1,1,0,1,1,1,0,0,0,1,0,1,0,1,1,1,1,1,0,1,0,0,1,0,0,1,0,1,0,0,1,0
0,0,0,0,0,1,0,1,1,0,0,0,1,0,0,0,0,0,0,1,1,1,0,0,0,1,1,0,1,1,1,0,0,0,0,1,1,0,1,0,0,1,1,0,1,0,0,1,0,0,0,1,0,0,1,0,1,0,0,1,1,0,1,1,0,0,0,0,0,1,1,0,0,0,0,1,0,1,0,1,0,0,0,0,1,0,0,0,1,1,1,0,0,0,0,1,1,1,0,0
1,0,0,0,1,1,1,0,1,1,0,0,1,1,1,1,1,0,0,0,0,1,0,1,1,0,0,1,0,1,1,1,1,1,0,1,1,1,1,1,0,0,1,0,1,0,1,0,0,0,1,0,1,1,0,0,1,0,1,0,0,1,0,1,1,0,1,0,1,1,0,0,1,1,1,0,1,0,1,0,1,1,0,1,1,1,0,1,1,0,0,0,1,0,1,0,1,1,0,1
1,1,0,1,1,0,1,0,0,1,1,0,1,0,0,1,0,0,0,1,1,0,1,0,0,1,1,0,1,0,1,1,1,1,1,0,0,1,1,1,1,1,0,1,0,0,1,0,0,1,0,0,0,1,0,0,0,0,1,1,0,0,0,1,0,1,0,1,0,0,1,0,1,1,0,1,0,1,1,0,1,0,1,0,0,0,0,0,0,0,1,1,1,1,1,1,1,0,1,0
1,1,0,0,1,0,1,1,0,1,0,1,1,0,0,0,0,1,1,0,0,1,1,1,1,1,1,1,0,1,0,0,0,0,1,1,1,1,1,0,0,0,0,1,0,1,0,0,1,1,1,1,1,0,1,0,0,0,1,1,0,0,1,1,0,0,0,0,0,1,1,0,0,1,0,1,0,0,0,0,1,0,0,0,1,1,0,0,0,1,1,0,0,1,0,1,0,0,0,1
0,1,1,1,0,1,1,0,0,0,0,0,1,1,1,1,0,0,1,1,0,1,1,0,1,1,1,0,0,1,0,0,0,0,1,1,1,1,0,0,0,1,0,0,0,0,0,0,1,0,1,1,0,1,1,1,1,0,0,0,0,1,0,0,1,1,1,0,1,0,0,0,0,1,0,0,0,1,1,0,1,1,1,0,1,0,1,1,0,0,0,0,1,0,1,1,1,0,0,0
0,0,0,1,1,1,0,0,1,0,0,1,1,1,1,0,0,1,0,1,0,0,1,0,0,0,1,1,0,1,1,1,1,1,0,1,1,0,0,0,1,1,1,0,0,0,1,1,0,1,1,0,0,0,0,1,1,1,0,0,1,0,1,1,0,1,0,0,0,0,0,1,1,0,0,1,0,0,0,0,1,1,0,1,0,0,0,0,1,1,0,0,1,0,0,1,0,1,1,0
1,1,0,1,1,0,0,0,1,1,1,0,1,1,0,1,1,1,0,0,1,0,1,1,1,1,0,0,1,1,0,0,0,0,0,1,1,1,0,0,1,1,1,1,0,1,0,0,0,1,0,0,1,0,1,1,1,1,0,0,0,1,0,0,0,0,1,0,1,0,0,0,0,1,0,0,1,1,1,0,0,1,1,1,1,0,0,0,0,0,1,1,1,0,1,0,0,1,1,0
0,1,0,0,0,0,0,1,1,1,0,0,1,0,1,0,1,1,1,0,1,1,1,1,1,1,1,1,0,1,1,0,1,0,0,0,1,1,0,0,0,0,1,1,0,1,1,0,1,1,0,0,0,0,0,0,0,1,1,0,0,0,1,0,1,0,1,0,1,1,1,0,0,1,0,0,1,1,1,0,0,1,1,0,0,1,1,0,0,0,1,1,1,1,0,0,0,0,0,1
1,1,1,0,1,1,1,1,1,1,1,1,1,1,1,0,0,1,1,1,1,1,1,1,1,0,0,0,1,1,1,1,0,1,1,0,0,0,0,1,1,0,1,0,0,1,1,1,0,1,1,0,0,1,0,1,0,1,1,1,1,1,1,0,1,1,0,0,1,1,1,0,0,1,1,0,1,0,0,1,1,0,1,0,1,1,1,0,0,1,0,0,1,0,1,1,0,0,1,0
1,0,1,1,1,0,0,1,1,1,0,1,1,0,1,1,1,1,1,0,0,1,1,1,0,0,0,0,1,1,1,1,1,1,0,0,1,0,0,0,0,1,1,1,0,0,0,1,1,0,0,1,0,1,0,1,0,1,0,1,0,1,1,0,0,1,0,1,1,0,1,1,0,1,0,0,0,1,0,1,0,0,1,1,1,0,0,0,1,0,1,0,0,0,1,1,1,1,1,0
1,1,1,0,1,0,1,0,0,1,1,1,1,1,1,0,0,1,1,0,0,0,0,0,0,0,0,0,0,1,1,1,1,1,0,1,1,0,0,0,1,0,0,0,1,1,0,1,1,0,0,1,1,0,0,1,1,1,0,0,0,1,0,0,0,1,1,0,0,0,0,1,1,1,1,0,1,1,1,0,1,1,0,1,0,0,0,0,1,1,1,1,0,1,1,0,0,0,0,1
1,1,0,1,1,0,1,1,0,1,0,1,0,1,1,0,1,0,1,0,0,1,1,1,1,1,0,0,0,0,0,1,1,1,0,0,0,1,0,1,0,0,0,0,0,1,0,1,0,1,1,1,0,0,1,1,0,0,1,0,0,0,1,0,1,0,0,0,1,1,0,1,0,0,0,0,1,0,1,0,1,0,1,0,0,1,0,1,1,0,1,0,0,0,1,1,0,0,1,1
1,0,0,0,0,0,1,0,0,1,0,0,0,0,1,1,1,0,0,1,1,0,1,0,1,1,0,0,1,1,1,0,1,0,0,1,1,1,1,0,0,1,1,1,0,0,1,1,0,1,1,0,1,1,0,0,1,0,1,1,0,0,0,1,1,0,1,0,1,0,0,1,1,1,1,0,1,0,1,1,0,0,1,0,1,0,1,0,1,1,1,0,0,0,0,0,1,1,0,1
0,0,0,0,1,0,1,0,1,0,1,1,1,1,0,1,0,1,1,1,1,0,1,0,0,1,0,1,0,0,0,1,0,0,1,0,1,0,1,1,0,0,1,1,1,1,1,1,1,1,1,1,0,1,1,1,1,0,0,1,1,1,1,1,0,1,0,0,1,1,1,0,0,0,0,1,0,0,0,1,1,0,1,1,0,1,1,1,1,0,0,0,0,1,0,1,0,1,0,0
0,0,1,1,0,1,1,1,1,1,1,0,0,0,0,1,1,1,0,1,1,0,1,0,1,0,0,1,1,0,1,1,0,0,1,0,1,0,0,0,1,1,1,0,0,0,1,1,0,0,0,0,0,0,0,0,0,0,1,0,1,1,0,0,0,1,1,0,0,1,1,0,0,0,0,0,0,0,1,0,1,1,0,0,1,1,1,1,0,1,1,0,1,0,0,1,1,1,1,0
1,0,1,0,0,1,0,1,0,0,1,0,1,1,1,0,1,0,1,0,1,0,1,0,0,0,0,1,1,1,0,1,1,0,1,1,0,1,1,1,1,1,1,0,1,1,0,0,1,0,1,0,1,0,0,0,0,1,0,0,1,0,0,0,1,1,1,0,1,0,0,0,0,0,0,0,0,1,1,0,1,0,0,0,1,1,0,1,1,0,0,0,1,1,0,0,0,0,0,1
1,0,0,0,1,0,1,0,1,1,0,1,1,1,1,1,1,1,1,0,0,1,0,0,1,1,0,1,0,1,1,0,0,0,1,0,1,1,1,1,0,0,0,1,0,1,0,0,0,0,1,0,1,0,1,0,0,0,0,0,0,0,0,0,1,0,1,0,1,1,0,0,0,0,0,0,0,0,0,1,1,0,1,1,1,1,1,1,0,0,1,1,1,0,1,1,1,0,0,1
0,1,1,0,0,0,0,0,1,1,1,1,0,1,1,0,0,1,1,1,0,1,0,0,0,0,1,1,0,0,1,0,0,0,0,1,0,0,1,1,1,1,0,0,1,0,0,0,0,0,0,0,1,1,1,1,0,1,1,0,1,1,0,0,1,0,0,0,1,0,1,0,1,1,0,0,1,1,0,1,0,0,0,0,1,1,0,1,1,0,1,0,0,1,1,0,1,1,1,1
0,1,1,0,0,0,1,1,1,0,1,0,1,0,1,1,0,0,1,0,1,1,0,0,1,0,1,0,1,1,1,1,0,1,1,1,0,0,1,1,1,0,0,1,1,0,0,0,1,1,0,0,0,1,0,0,0,0,0,0,0,1,0,0,0,0,1,1,1,1,0,1,0,0,0,1,0,1,1,1,1,0,0,0,1,1,1,1,1,1,1,0,0,0,0,1,1,1,1,0
1,0,0,1,1,1,0,0,0,0,0,1,0,1,0,1,1,1,1,1,1,0,0,0,1,1,0,1,1,0,0,1,0,1,1,1,0,0,1,1,1,0,0,0,1,1,0,0,1,1,0,0,0,0,1,1,1,0,1,1,1,0,0,0,0,1,1,1,0,1,1,0,1,1,0,0,0,0,1,1,0,0,0,1,0,0,1,1,1,1,0,1,1,1,1,0,0,0,1,1
1,1,1,0,1,0,0,0,0,1,0,1,1,0,0,1,1,0,0,1,1,1,0,0,0,1,1,1,0,1,1,0,0,1,0,1,0,0,1,1,1,0,0,0,0,0,1,0,1,1,1,1,1,0,0,0,0,0,0,1,0,0,0,0,1,0,1,0,1,0,1,0,1,1,0,1,0,1,0,0,1,0,1,0,1,1,0,0,0,1,0,1,1,1,1,1,0,1,1,0
1,0,1,1,1,1,1,0,1,1,0,0,0,0,0,1,1,0,1,0,0,0,0,0,1,1,1,0,1,1,1,0,0,0,0,1,1,0,1,1,0,1,0,0,0,1,1,1,0,1,0,0,1,1,0,0,0,1,0,0,0,1,0,0,0,0,1,1,0,1,1,0,0,1,0,1,0,0,1,1,0,0,0,1,1,0,0,1,0,0,1,0,0,0,1,0,1,1,0,0
0,1,0,1,0,1,1,1,0,0,1,0,0,0,0,0,1,1,0,0,1,0,0,0,0,0,1,1,0,0,1,0,0,0,0,1,0,0,1,0,1,0,0,1,1,1,0,0,1,1,1,0,0,0,0,0,1,1,1,0,1,1,0,0,1,0,0,0,1,1,0,1,0,0,0,1,1,0,0,1,1,0,1,1,0,1,0,1,1,0,0,0,1,0,0,1,1,0,1,1
0,1,0,1,1,0,1,1,1,1,0,0,0,0,1,0,0,1,1,1,0,0,0,1,0,0,1,1,1,1,0,1,1,0,1,1,0,1,1,1,1,0,1,0,1,0,1,1,0,0,0,0,0,0,0,0,1,0,0,1,1,0,1,0,0,0,1,1,1,0,1,1,0,1,1,0,0,0,1,1,1,0,0,1,0,1,1,0,0,0,1,1,0,1,1,1,0,0,1,1
0,0,1,1,1,1,1,1,1,0,0,1,0,0,1,1,1,1,1,1,0,1,1,0,0,1,1,0,1,1,1,1,0,1,0,1,1,1,1,1,1,1,0,0,1,1,1,0,1,0,1,0,1,0,1,1,0,0,1,0,0,0,0,0,0,0,1,0,0,1,1,0,0,1,1,1,1,0,1,0,1,1,1,1,1,0,0,0,0,0,0,0,0,0,0,1,0,0,1,1
1,0,0,0,0,0,1,0,1,0,0,1,1,0,1,0,1,1,0,0,0,1,1,1,0,0,0,0,1,1,1,1,0,1,0,1,0,1,0,0,0,1,1,0,0,0,0,0,0,0,0,1,0,1,1,0,1,0,0,0,1,0,0,0,0,1,0,1,1,0,0,1,0,0,0,1,1,1,1,1,0,0,1,0,0,1,0,0,0,1,1,1,1,1,1,1,0,1,1,1
1,1,1,0,0,0,1,1,1,0,1,1,1,0,0,0,0,0,1,1,0,1,0,0,0,0,0,1,1,1,1,1,0,0,1,1,1,1,0,0,1,1,0,1,0,1,0,1,0,1,0,1,1,0,1,0,1,0,1,1,0,0,1,0,1,0,1,1,1,0,0,1,1,0,1,1,0,1,0,1,1,0,0,0,0,0,0,0,1,0,0,1,1,0,0,0,0,0,0,1
0,1,0,0,1,1,0,1,1,1,1,0,0,1,1,1,0,0,0,1,1,1,1,0,1,0,1,0,0,0,0,1,1,0,0,1,1,0,1,1,1,1,0,1,0,1,1,1,0,1,1,1,0,0,1,0,1,1,1,0,0,0,0,1,1,0,0,1,0,1,1,0,1,0,1,1,1,0,0,0,1,1,0,0,0,1,0,1,1,1,1,0,1,0,0,0,1,0,0,0
1,0,0,0,0,1,0,1,1,1,1,0,0,0,0,1,0,0,0,1,0,1,1,0,1,0,1,0,1,0,1,0,0,0,0,1,0,0,1,1,0,0,1,1,0,0,0,1,0,0,1,1,1,1,1,0,0,0,0,0,1,0,1,0,1,0,1,1,1,1,0,1,0,1,0,0,0,1,1,1,1,1,1,0,0,0,1,0,1,0,0,0,1,0,1,1,0,0,0,0
0,1,1,1,1,1,0,1,1,1,1,1,1,1,1,1,1,0,1,1,0,0,0,0,1,0,0,1,0,0,0,0,0,0,1,0,0,0,1,0,1,0,0,0,0,1,1,0,1,1,0,1,0,1,1,1,0,0,0,0,1,0,0,0,1,1,1,0,0,1,0,1,0,1,0,0,0,1,0,1,0,1,0,1,0,1,1,0,1,0,0,0,0,0,1,0,0,1,0,1
0,1,0,1,1,1,0,1,1,0,0,1,1,0,1,0,1,1,0,1,1,0,0,1,1,1,1,0,1,0,0,1,1,0,1,1,1,1,0,0,1,0,1,0,0,1,1,1,1,0,0,1,0,0,1,0,0,1,0,0,1,0,0,1,1,0,0,0,1,1,1,0,1,0,1,1,0,0,1,1,1,0,0,1,1,0,1,0,1,1,0,0,0,1,1,0,1,0,0,1
0,0,0,1,0,1,0,0,0,0,0,0,1,1,1,1,0,0,1,0,0,1,0,0,1,1,0,0,0,0,1,0,0,1,0,1,1,0,0,0,0,0,1,1,1,0,1,1,0,0,0,1,1,0,0,0,1,0,1,1,0,1,0,0,1,0,1,1,1,0,0,0,1,0,1,1,1,1,0,1,1,0,1,1,0,1,1,1,1,0,1,1,1,1,1,1,1,1,0,0
0,0,1,1,0,0,1,1,0,0,0,0,1,1,1,0,1,0,1,1,0,0,0,1,1,1,0,1,0,0,0,0,1,1,0,1,0,0,0,0,0,0,1,0,0,0,1,1,0,0,0,0,1,0,0,0,0,1,0,0,1,0,1,0,0,1,0,0,0,0,0,0,0,1,0,1,1,0,0,0,0,0,1,1,0,1,1,1,1,0,1,1,1,1,0,1,0,1,0,1
0,0,1,1,0,1,0,0,1,1,0,1,0,0,0,1,1,1,1,0,0,1,0,0,1,1,1,0,0,0,1,0,1,1,1,0,1,1,0,0,1,0,0,0,1,1,1,1,1,0,1,1,0,0,1,0,1,0,0,1,1,0,0,1,1,1,1,0,1,0,1,1,1,1,1,1,0,0,1,1,1,0,1,0,0,1,0,0,1,0,1,0,1,0,0,0,0,1,1,0
1,0,1,1,1,0,0,0,0,0,1,0,0,1,1,0,0,1,1,0,1,1,1,0,0,0,1,0,1,0,1,0,1,0,0,0,1,1,1,1,1,0,1,0,0,0,1,1,1,0,1,0,1,0,1,1,1,0,1,1,0,1,1,0,1,0,0,1,1,1,0,0,0,0,1,0,0,1,0,0,0,0,1,0,0,0,0,1,1,1,0,1,1,0,1,1,0,1,1,1
1,1,0,1,1,0,1,0,1,0,0,1,0,1,1,0,1,1,0,0,0,1,1,1,1,1,1,1,1,0,0,1,0,1,1,1,0,1,1,0,1,1,0,1,0,1,0,0,1,1,1,1,0,1,0,0,1,0,1,1,0,0,0,1,0,0,0,0,0,0,0,1,0,0,1,1,1,0,1,0,1,1,0,0,0,0,1,0,1,1,1,0,0,1,0,0,1,1,0,0
0,0,0,1,1,1,1,1,1,0,0,1,1,0,0,0,0,0,0,0,1,0,0,1,1,1,0,0,0,1,0,1,0,0,0,0,1,0,0,1,1,1,1,1,1,0,1,1,0,0,1,1,0,1,0,0,1,0,1,0,0,0,1,1,1,0,1,0,1,1,1,0,1,1,0,1,0,1,1,1,0,0,1,1,1,0,1,0,0,1,0,1,1,0,1,1,0,1,1,0
0,0,1,1,0,1,1,1,1,1,1,1,0,1,1,0,1,0,0,1,0,1,0,1,1,0,1,1,0,1,1,1,1,0,1,1,0,0,1,1,0,0,0,0,1,0,0,1,1,0,1,1,1,1,1,1,1,1,1,1,1,0,0,0,0,0,1,0,1,1,1,1,1,1,1,0,0,0,1,1,1,0,1,1,0,1,0,0,1,0,0,1,0,1,0,1,1,1,0,0
0,1,0,1,0,0,0,1,1,1,1,1,1,1,1,1,1,0,1,0,0,0,1,1,1,1,1,1,0,1,1,1,0,0,1,1,0,0,0,0,1,1,0,0,0,1,0,0,1,1,0,0,0,1,0,1,1,0,0,0,1,0,1,0,1,1,0,1,1,1,0,1,1,0,1,1,0,0,0,0,1,0,0,0,1,1,1,1,1,1,1,1,0,0,1,1,0,1,1,0
0,0,1,1,0,0,1,0,1,0,0,1,0,0,1,0,0,0,1,0,0,1,1,0,0,1,1,1,1,1,1,1,0,0,1,0,1,0,1,0,1,0,1,1,1,0,0,0,0,0,0,0,1,0,1,0,1,1,0,1,0,0,1,1,0,0,0,1,1,0,0,0,0,1,1,0,0,0,0,1,1,1,0,1,1,0,1,0,0,1,0,1,1,1,1,0,1,1,1,1
1,1,0,1,1,0,0,0,0,1,0,0,0,1,1,1,0,0,1,0,1,0,0,0,1,1,0,0,0,0,0,1,0,1,1,0,0,1,0,0,0,0,0,1,0,1,1,1,0,0,0,0,1,0,0,1,1,1,1,1,1,1,1,0,1,0,0,0,0,1,1,1,1,0,0,1,0,1,0,0,0,0,1,0,1,1,0,0,1,0,1,0,0,0,1,1,1,1,1,1
1,0,1,1,0,1,1,0,1,0,0,1,0,0,1,1,1,0,0,1,0,0,1,1,0,0,1,0,1,0,1,0,1,1,0,0,0,0,0,1,0,0,0,0,0,0,1,1,0,0,0,1,0,1,1,1,0,0,0,0,0,0,0,0,1,0,1,1,0,1,1,0,1,0,0,1,1,1,1,1,0,1,0,0,0,0,1,0,1,1,0,0,1,1,0,0,0,0,0,1
1,1,1,0,0,1,1,1,1,1,1,0,1,1,1,0,0,1,0,0,1,0,0,0,1,0,1,0,0,1,1,1,1,0,1,0,1,1,0,1,1,0,1,1,0,1,1,0,1,0,0,0,1,1,1,1,0,1,0,0,1,0,0,0,0,0,0,1,0,1,0,0,0,1,1,0,1,1,0,0,0,1,1,1,0,1,0,0,0,0,0,0,0,0,0,1,1,0,0,1
1,0,1,0,0,1,0,1,1,1,1,0,0,1,0,1,1,0,1,0,0,0,1,1,0,0,0,0,0,0,0,1,1,1,1,1,0,1,0,0,0,1,0,1,1,0,0,0,1,0,0,1,0,1,1,0,1,0,0,0,1,0,1,0,0,0,1,1,1,0,0,0,0,0,0,1,1,1,1,0,1,1,1,1,1,0,0,1,0,0,1,1,1,0,0,0,1,1,1,0
0,0,0,0,1,0,1,0,1,0,0,0,0,1,0,1,0,0,0,0,0,1,1,1,1,1,0,0,1,1,0,1,0,1,0,1,0,0,1,1,1,1,0,1,0,1,0,1,1,1,1,1,1,0,1,1,0,0,0,0,0,1,1,1,1,0,1,1,0,0,0,0,0,0,1,1,1,1,0,1,1,1,1,1,0,0,0,1,0,1,0,0,1,0,1,1,1,0,0,0
0,0,0,1,1,0,1,0,1,0,1,1,0,0,0,0,0,1,1,0,0,0,1,1,0,0,0,1,0,0,1,1,0,0,0,1,1,0,1,0,1,1,1,1,0,0,1,0,1,0,0,1,1,0,0,0,1,0,1,1,0,0,1,0,0,0,0,0,1,1,1,0,1,1,0,1,0,1,0,0,1,1,0,1,1,0,0,1,1,1,1,1,0,0,0,0,1,1,0,0
0,0,0,1,1,1,0,0,1,0,1,1,0,1,0,0,0,1,1,1,1,1,0,0,1,0,1,0,0,0,1,0,0,1,0,0,1,1,1,1,1,1,0,0,0,0,0,0,0,0,0,0,0,0,0,0,1,0,0,0,1,1,0,1,1,1,1,0,1,1,0,0,0,0,1,0,0,1,1,1,0,1,1,1,0,0,0,1,1,0,1,1,0,1,0,0,1,0,0,0
1,1,0,0,1,0,1,0,0,0,1,0,1,0,0,1,1,1,1,1,1,0,1,0,0,0,1,1,1,1,0,0,0,0,1,0,0,1,1,1,1,0,0,1,0,0,1,0,0,1,0,1,0,0,0,1,1,1,0,0,1,0,1,1,0,0,0,0,1,1,1,0,0,0,0,0,1,0,0,0,1,0,0,0,0,1,1,1,1,1,0,0,0,0,1,1,0,0,0,1
1,1,0,1,1,0,1,1,1,0,0,0,1,0,0,0,0,1,0,1,0,0,0,1,0,0,0,0,0,1,0,0,0,0,0,0,1,0,0,1,0,1,0,0,0,1,1,1,1,0,1,1,0,1,0,0,0,1,1,0,1,0,0,0,1,1,0,0,0,0,0,0,0,1,1,0,1,1,1,1,1,1,0,1,0,0,0,0,0,1,1,0,0,0,0,1,1,0,1,1
0,1,0,1,0,0,1,0,1,0,1,1,0,1,0,1,0,0,1,0,0,0,1,0,1,1,0,0,1,1,1,0,0,0,1,1,0,1,0,0,1,1,1,1,1,0,1,0,1,1,1,0,1,1,1,0,0,1,0,0,0,0,0,1,1,0,1,1,0,1,1,0,0,1,0,0,0,0,1,0,0,0,0,0,0,1,1,0,0,0,1,1,1,1,0,0,1,1,1,1
1,0,1,0,1,1,1,1,0,1,0,0,1,0,1,0,1,0,1,0,1,0,0,0,0,1,0,1,1,1,0,1,1,0,0,0,1,1,1,0,1,1,0,1,0,1,1,0,1,1,1,0,1,1,1,1,1,1,1,1,1,1,1,1,1,1,0,1,1,1,1,0,1,1,0,0,0,1,0,1,0,0,0,0,0,1,0,1,1,0,0,1,0,0,1,1,1,0,0,0
1,1,1,0,0,0,0,1,1,0,1,0,0,0,1,0,0,0,0,0,0,1,1,0,1,1,1,1,0,1,1,1,0,1,1,0,1,0,1,1,0,1,0,0,1,1,1,0,0,0,1,0,0,1,1,1,1,1,0,0,1,0,0,1,1,1,0,0,1,1,1,0,0,1,1,0,1,0,1,0,1,1,1,0,1,0,1,1,0,0,0,1,1,0,1,1,1,1,0,0
1,0,0,1,1,0,0,0,0,0,0,0,0,1,0,1,0,1,0,0,0,0,1,1,1,0,1,1,1,1,0,1,1,1,0,1,0,0,1,1,0,1,1,1,1,1,1,1,0,0,0,0,1,0,0,0,0,0,0,0,0,0,0,1,0,1,1,1,0,1,0,1,1,1,0,0,0,1,0,0,0,0,1,0,0,0,0,1,1,1,0,0,1,1,0,1,0,0,0,1
0,0,1,0,0,1,0,1,1,1,0,0,1,1,0,0,1,1,1,0,0,0,0,0,0,0,0,1,1,0,1,1,0,1,0,1,0,0,0,0,0,0,1,1,0,1,0,1,1,1,0,1,0,0,0,0,0,0,1,0,0,1,0,1,1,1,0,1,0,1,0,1,1,0,0,1,1,0,0,0,1,0,0,1,1,0,0,1,0,0,1,0,0,1,1,0,0,1,1,0
0,0,1,0,0,1,0,0,0,0,1,1,1,0,1,1,0,0,1,1,0,0,0,0,0,1,1,1,0,1,0,0,1,1,1,0,0,0,1,1,1,1,0,1,0,0,0,0,1,1,0,0,0,1,1,0,1,1,0,1,0,0,0,0,1,1,0,1,0,1,0,1,0,1,1,1,0,0,0,1,1,1,0,0,0,0,0,0,1,1,1,0,0,0,0,1,0,0,1,1
1,0,1,0,0,1,1,0,1,0,1,0,0,0,1,0,1,1,0,0,0,1,1,1,1,1,0,1,0,1,1,0,1,0,0,1,1,1,0,1,0,1,0,0,0,0,0,0,1,0,1,1,0,0,0,1,1,0,0,1,1,0,1,0,1,1,1,0,1,0,1,1,0,1,0,0,0,1,1,0,0,0,0,1,0,0,1,1,1,1,1,1,0,0,0,0,0,0,1,1
1,1,0,0,1,1,0,1,1,0,0,1,0,1,0,0,0,1,1,0,1,0,1,0,0,1,1,0,1,0,0,0,0,0,0,1,1,1,0,1,1,1,1,1,1,0,1,0,1,0,0,1,0,1,1,1,1,0,0,1,0,1,0,1,1,0,0,1,0,1,1,0,0,0,1,0,1,1,1,1,1,0,1,0,1,0,0,1,1,1,1,0,1,0,0,1,1,0,0,1
0,1,0,1,1,1,1,1,0,0,1,1,0,1,0,1,0,1,0,0,1,0,0,1,0,1,1,1,1,0,1,1,0,0,1,0,0,0,1,0,1,1,1,1,1,1,0,1,1,0,1,0,0,0,1,0,1,1,1,0,1,0,0,1,1,1,0,1,0,1,1,1,1,0,0,1,0,1,0,0,1,0,1,1,1,1,0,1,0,1,1,1,1,1,1,1,1,1,1,1
1,1,0,0,1,1,0,0,1,0,1,0,0,0,0,1,1,0,1,0,1,1,0,0,0,0,0,1,0,1,1,1,1,0,0,1,0,1,1,1,1,1,0,0,0,1,1,0,0,0,1,1,0,1,0,1,0,0,0,1,0,1,1,1,0,1,0,1,1,1,0,1,1,1,0,1,1,0,0,0,0,0,0,1,1,1,0,0,1,1,0,1,0,1,1,0,1,0,0,1
1,1,1,1,1,1,1,0,0,1,1,0,0,1,1,1,1,1,1,1,0,1,0,1,1,1,0,1,0,1,1,1,1,1,1,0,1,0,0,1,1,1,0,0,1,0,0,0,0,0,1,1,0,1,1,0,0,0,0,0,0,0,0,0,1,0,0,1,1,1,0,0,0,0,0,1,0,1,1,0,0,0,1,1,1,0,1,0,0,1,0,0,0,0,0,1,0,0,0,0
1,1,1,1,1,1,1,1,1,1,0,0,1,0,0,1,0,1,0,1,0,1,0,1,1,0,0,1,1,1,1,0,1,1,0,0,1,1,0,0,0,1,0,0,1,1,1,1,0,0,1,1,0,1,1,0,0,1,0,1,0,0,0,1,1,0,0,0,1,0,0,1,0,1,1,1,0,0,1,1,0,1,1,1,0,0,1,1,1,1,0,0,0,0,1,0,0,1,1,0
0,0,1,0,1,0,1,0,0,1,0,1,0,0,1,0,1,0,1,0,1,1,0,1,0,0,0,0,1,1,0,0,1,0,1,0,1,0,0,1,1,0,0,1,1,1,1,1,0,0,1,0,0,1,1,1,1,1,0,0,0,0,1,1,0,1,0,0,1,1,0,0,1,1,0,1,1,0,1,1,1,0,0,0,1,0,1,0,0,0,0,1,1,1,0,1,1,0,1,0
1,1,1,1,1,1,1,1,1,0,0,1,0,0,0,0,1,1,0,1,0,1,0,0,1,0,1,1,1,1,0,1,0,0,1,0,1,1,1,1,0,0,1,0,1,1,1,0,1,1,1,1,0,1,1,0,0,0,0,0,1,1,0,0,1,0,0,0,0,1,0,0,1,0,0,1,0,1,1,0,1,0,1,1,0,0,0,0,1,0,1,1,1,1,1,0,1,1,0,1
1,0,0,1,1,0,0,0,1,1,0,0,0,0,1,1,0,1,0,1,0,1,1,1,0,0,1,0,1,1,0,1,0,0,1,1,1,0,0,1,1,1,0,0,1,1,1,0,0,0,1,1,1,1,1,1,0,1,0,1,1,0,0,0,1,0,1,1,1,0,0,1,0,1,0,0,0,0,1,1,0,1,0,0,0,1,0,1,1,1,1,0,0,0,0,1,1,1,1,0
0,0,0,0,1,1,0,0,1,1,0,0,1,0,0,0,0,0,0,0,1,1,1,1,0,0,1,0,1,1,0,0,0,1,0,1,1,1,1,1,0,1,0,0,1,1,0,1,1,1,1,1,0,0,0,0,1,0,0,0,1,0,1,1,0,0,0,0,1,0,0,0,0,0,1,0,0,1,0,0,1,1,1,1,1,1,1,0,1,1,1,1,1,1,1,1,1,0,1,1
0,1,1,1,0,1,0,1,1,0,0,0,0,0,1,1,1,0,0,1,1,1,0,0,0,0,0,1,1,0,1,0,1,0,0,1,1,0,1,1,0,0,0,1,0,0,1,0,1,1,0,1,0,0,0,0,1,0,1,0,1,0,0,0,0,1,1,1,0,1,0,1,0,1,1,1,1,1,1,1,1,1,0,0,1,0,0,0,0,1,1,1,1,0,1,1,0,1,1,1
1,0,1,0,0,1,1,1,0,1,0,0,1,1,0,1,0,1,0,0,0,1,0,1,0,0,0,1,1,0,1,0,0,0,0,1,1,1,1,0,0,0,0,0,1,1,0,1,0,1,0,0,0,0,0,1,1,1,1,1,0,0,0,1,1,1,1,0,1,1,0,0,1,0,0,1,1,0,1,1,0,1,1,0,1,0,0,0,1,0,1,0,0,1,0,1,0,1,0,1
1,0,1,1,0,1,1,1,1,1,1,0,0,1,0,1,1,1,0,1,1,0,0,0,1,0,0,1,1,1,1,1,0,1,1,0,1,1,0,0,0,1,0,0,0,0,1,0,1,1,1,0,0,1,0,1,1,0,1,1,1,0,1,1,1,1,1,0,1,0,0,0,1,1,1,0,0,0,1,0,0,0,1,1,0,0,1,0,0,1,1,0,1,0,0,0,1,1,1,0
1,1,1,0,1,0,0,0,1,1,0,0,1,0,1,0,0,0,0,0,0,0,1,0,0,0,1,0,0,1,1,0,0,1,1,0,0,1,0,1,1,1,0,1,1,1,0,0,0,0,1,0,1,0,1,1,1,0,1,1,0,0,0,0,1,1,0,0,1,1,0,1,1,0,1,1,1,0,0,1,1,1,0,0,1,0,1,1,1,0,0,1,1,0,1,0,1,0,1,0
1,0,1,1,1,0,1,0,1,0,1,0,1,1,0,0,0,1,0,1,0,0,0,1,0,0,1,0,0,1,0,0,1,1,0,1,0,0,0,1,1,1,0,0,1,0,0,0,1,1,1,0,1,1,0,1,0,1,0,1,0,0,1,1,0,0,1,0,1,0,0,0,0,1,0,1,1,0,0,1,1,1,1,1,1,0,0,1,0,1,1,1,1,1,1,1,0,1,0,0
1,1,1,1,0,1,1,0,0,1,0,1,1,1,0,0,1,1,0,1,0,1,1,0,1,0,1,0,0,0,0,0,0,0,1,0,0,1,0,1,1,1,0,1,0,1,0,1,1,0,1,1,0,0,0,0,1,1,0,0,1,0,1,0,0,1,1,0,0,1,1,0,0,0,1,1,1,0,0,1,1,0,1,0,1,0,1,0,1,0,1,1,0,1,0,0,0,1,1,1
1,1,0,0,1,1,0,1,1,1,0,1,1,1,1,0,0,1,0,0,1,1,0,0,1,1,1,1,1,0,0,0,0,0,0,1,0,1,0,0,0,0,1,0,1,0,1,0,0,1,0,1,1,1,0,1,1,0,0,1,1,0,0,0,1,0,0,0,1,0,1,0,0,1,0,1,0,0,1,0,1,0,1,0,1,1,1,1,1,1,1,1,0,0,1,1,0,0,1,0
0,0,1,0,0,0,0,0,1,0,1,0,0,0,0,1,1,0,1,0,0,0,0,0,1,1,1,1,1,0,0,1,0,0,0,1,1,0,0,0,1,1,0,0,0,0,0,0,1,0,1,1,0,0,0,0,1,0,0,1,0,1,0,1,1,0,0,0,0,0,0,0,0,0,1,0,0,0,0,1,0,0,0,0,1,0,0,0,0,0,1,1,1,1,1,0,0,1,1,0
0,1,0,0,0,0,0,0,0,0,1,1,0,0,0,0,1,1,1,0,0,1,1,0,1,1,0,1,1,1,0,0,1,0,1,0,1,1,1,1,0,0,0,0,0,1,1,1,0,0,0,1,1,1,0,0,1,0,0,1,0,0,0,1,1,0,1,0,0,0,0,0,1,1,1,1,1,0,0,1,0,1,0,0,1,0,0,0,0,1,0,1,1,0,0,1,1,0,1,0
0,0,1,1,1,1,1,0,1,1,0,1,0,0,1,1,0,1,0,0,1,1,1,0,0,0,1,1,1,0,1,1,0,0,1,1,0,0,1,1,1,1,1,0,1,0,1,1,0,0,1,1,1,1,0,1,0,1,0,1,0,0,1,0,1,0,1,0,1,1,0,1,1,0,0,1,0,0,0,0,0,0,0,0,0,1,0,1,1,1,1,0,0,1,1,0,0,0,0,0
1,0,1,1,1,0,1,0,0,0,1,0,1,0,0,1,0,1,1,1,1,1,1,0,0,1,1,0,0,1,1,1,1,0,0,0,0,0,0,1,1,0,1,0,1,0,0,1,0,0,1,0,1,0,0,1,1,1,0,0,0,1,0,0,1,1,0,0,1,0,1,1,1,0,1,1,0,0,1,1,0,1,1,0,1,0,1,0,0,0,1,0,1,0,0,1,1,1,0,0
